i2 0.000000 6.000000 "w.wav" 9990.000000 10190.000000 90.000000 0.050000
i2 6.000000 6.000000 "w.wav" 9990.000000 10190.000000 96.000000 0.100000
i2 12.000000 4.000000 "n.wav" 40.000000 100.000000 102.000000 0.100000
i2 12.000000 6.000000 "g.wav" 9990.000000 10190.000000 102.000000 0.100000
i2 18.000000 6.000000 "r.wav" 40.000000 100.000000 108.000000 0.100000
i2 18.000000 6.000000 "a.wav" 2357.000000 2557.000000 108.000000 0.100000
i1 19.000000 0.250000 "n.wav" 5748.000000 109.000000 0.353553 11596.000000
i1 19.250000 0.250000 "n.wav" 5321.000000 109.250000 0.353553 10742.000000
i1 19.500000 1.500000 "n.wav" 2537.000000 109.500000 0.600000 2537.000000
i1 22.500000 0.250000 "n.wav" 5516.000000 112.500000 0.353553 11232.000000
i1 22.750000 0.250000 "n.wav" 5658.000000 112.750000 0.353553 11516.000000
i2 24.000000 4.000000 "n.wav" 9000.000000 19000.000000 114.000000 0.100000
